---
images/banner-med.jpg: 2016-02-29 01:49:09.000000000 -08:00
images/SHAM-logo.jpg: 2016-02-29 01:49:09.000000000 -08:00
images/banner-large.jpg: 2016-02-29 01:49:09.000000000 -08:00
images/Author-Tristan-Tarwater.jpg: 2016-02-29 01:49:09.000000000 -08:00
images/banner-xl2.jpg: 2016-02-29 01:49:09.000000000 -08:00
images/banner-small.jpg: 2016-02-29 01:49:09.000000000 -08:00
images/Artist-Adrian-Ricker.jpg: 2016-02-29 01:49:09.000000000 -08:00
images/banner-xl.jpg: 2016-02-29 01:49:09.000000000 -08:00
images/comics/a-fistful-of-lunars-page-5.jpg: 2016-02-29 01:49:09.000000000 -08:00
images/comics/a-fistful-of-lunars-page-4.jpg: 2016-02-29 01:49:09.000000000 -08:00
images/comics/a-fistful-of-lunars-page-1.jpg: 2016-02-29 01:49:09.000000000 -08:00
images/comics/small/a-fistful-of-lunars-page-5.jpg: 2016-02-29 01:49:09.000000000
  -08:00
images/comics/small/a-fistful-of-lunars-page-4.jpg: 2016-02-29 01:49:09.000000000
  -08:00
images/comics/small/a-fistful-of-lunars-page-1.jpg: 2016-02-29 01:49:09.000000000
  -08:00
images/comics/small/a-fistful-of-lunars-page-3.jpg: 2016-02-29 01:49:09.000000000
  -08:00
images/comics/small/a-fistful-of-lunars-page-2.jpg: 2016-02-29 01:49:09.000000000
  -08:00
images/comics/a-fistful-of-lunars-page-3.jpg: 2016-02-29 01:49:09.000000000 -08:00
images/comics/thumbs/a-fistful-of-lunars-page-5.jpg: 2016-02-29 01:49:09.000000000
  -08:00
images/comics/thumbs/a-fistful-of-lunars-page-4.jpg: 2016-02-29 01:49:09.000000000
  -08:00
images/comics/thumbs/a-fistful-of-lunars-page-1.jpg: 2016-02-29 01:49:09.000000000
  -08:00
images/comics/thumbs/a-fistful-of-lunars-page-3.jpg: 2016-02-29 01:49:09.000000000
  -08:00
images/comics/thumbs/a-fistful-of-lunars-page-2.jpg: 2016-02-29 01:49:09.000000000
  -08:00
images/comics/a-fistful-of-lunars-page-2.jpg: 2016-02-29 01:49:09.000000000 -08:00
images/characters/Shamsee-Bio.jpg: 2016-02-29 01:49:09.000000000 -08:00
images/characters/Blighter-Bio.jpg: 2016-02-29 01:49:09.000000000 -08:00
images/characters/Gia-Bio.jpg: 2016-02-29 01:49:09.000000000 -08:00
images/comics/lfg-page-1.png: 2016-02-29 02:03:04.000000000 -08:00
images/comics/lfg-page-2.png: 2016-02-29 02:04:05.000000000 -08:00
images/comics/lfg-page-3.png: 2016-02-29 02:04:55.000000000 -08:00
images/comics/lfg-page-4.png: 2016-02-29 02:05:31.000000000 -08:00
images/lfglogo.png: 2016-02-29 02:05:33.000000000 -08:00
images/comics/small/lfg-page-1.png: 2016-02-29 02:05:38.000000000 -08:00
images/comics/small/lfg-page-2.png: 2016-02-29 02:05:38.000000000 -08:00
images/comics/small/lfg-page-3.png: 2016-02-29 02:05:39.000000000 -08:00
images/comics/small/lfg-page-4.png: 2016-02-29 02:05:40.000000000 -08:00
images/comics/thumbs/lfg-page-1.png: 2016-02-29 02:05:35.000000000 -08:00
images/comics/thumbs/lfg-page-2.png: 2016-02-29 02:05:35.000000000 -08:00
images/comics/thumbs/lfg-page-3.png: 2016-02-29 02:05:36.000000000 -08:00
images/comics/thumbs/lfg-page-4.png: 2016-02-29 02:05:37.000000000 -08:00
